0.002950 964
0.002687 964
0.002027 964
0.002253 964
0.001432 964
0.001598 964
0.001634 964
0.004542 964
0.004894 964
0.004998 964
0.003566 964
0.004050 964
0.004716 964
0.003642 964
0.004241 964
0.004273 964
0.002499 964
0.003266 964
0.003867 964
0.003181 964
Total time/RAM: 0.011851
0.001409 1028
0.001693 1028
0.001512 1028
0.001903 1088
0.002212 1088
0.005154 1088
0.002395 1088
0.002567 1088
0.002968 1088
0.005016 1088
0.004641 1088
0.003638 1088
0.003748 1088
0.005065 1088
0.003265 1088
0.004064 1088
0.004751 1088
0.004374 1088
0.003170 1088
0.003356 1088
Total time/RAM: 0.012836
0.001422 1032
0.001649 1032
0.002955 1032
0.003276 1032
0.002561 1032
0.002377 1032
0.001756 1032
0.003792 1032
0.004344 1032
0.003593 1032
0.004083 1032
0.004240 1032
0.003491 1032
0.004859 1032
0.002473 1032
0.002019 1032
0.003192 1032
0.004477 1032
0.004726 1032
0.004599 1032
Total time/RAM: 0.011953
0.002378 1032
0.001685 1032
0.001938 1032
0.003153 1032
0.003528 1032
0.001751 1032
0.003692 1032
0.003863 1032
0.004030 1032
0.001185 1032
0.002546 1032
0.004203 1032
0.003358 1032
0.002232 1032
0.002904 1032
0.001417 1032
0.002677 1032
0.004515 1032
0.003082 1032
0.004405 1032
Total time/RAM: 0.011085
0.001404 1032
0.002553 1032
0.001814 1032
0.003823 1032
0.002470 1032
0.003773 1032
0.001539 1032
0.002858 1032
0.004252 1032
0.004634 1032
0.003744 1032
0.003140 1032
0.001906 1032
0.002119 1032
0.004744 1032
0.002736 1032
0.003337 1032
0.003092 1032
0.004353 1032
0.004534 1032
Total time/RAM: 0.011232
0.001388 1032
0.001582 1032
0.002412 1032
0.003635 1032
0.001620 1032
0.002492 1032
0.002740 1032
0.004649 1032
0.003288 1032
0.003118 1032
0.003774 1032
0.004032 1032
0.002197 1032
0.004471 1032
0.002985 1032
0.003045 1032
0.001817 1032
0.004347 1032
0.004032 1032
0.004684 1032
Total time/RAM: 0.011262
0.001556 1032
0.001370 1032
0.002474 1032
0.001889 1032
0.002312 1032
0.002025 1032
0.004335 1032
0.003208 1032
0.003011 1032
0.003387 1032
0.004587 1032
0.004592 1032
0.002789 1032
0.003737 1032
0.002402 1032
0.003932 1032
0.003208 1032
0.003570 1032
0.003737 1032
0.004104 1032
Total time/RAM: 0.011864
0.001669 1032
0.002128 1032
0.001346 1032
0.002305 1032
0.002048 1032
0.003867 1032
0.001822 1032
0.002642 1032
0.004174 1032
0.002782 1032
0.003628 1032
0.003775 1032
0.003171 1032
0.002554 1032
0.003256 1032
0.002977 1032
0.003540 1032
0.001512 1032
0.004044 1032
0.004291 1032
Total time/RAM: 0.011952
0.001360 1032
0.002614 1032
0.001601 1032
0.003182 1032
0.002081 1032
0.003906 1032
0.002858 1032
0.001688 1032
0.004215 1032
0.002245 1032
0.003496 1032
0.004550 1032
0.001997 1032
0.004428 1032
0.004095 1032
0.003543 1032
0.003878 1032
0.003038 1032
0.002785 1032
0.004249 1032
Total time/RAM: 0.012546
0.001442 1036
0.003706 1036
0.001666 1036
0.004192 1036
0.003049 1036
0.003279 1036
0.001878 1036
0.004544 1036
0.004263 1036
0.001581 1036
0.004065 1036
0.003017 1036
0.002383 1036
0.002568 1036
0.003941 1036
0.003915 1036
0.004549 1036
0.003144 1036
0.003706 1036
0.002891 1036
Total time/RAM: 0.012692
