0.001476 944
0.001585 944
0.001623 1672
0.002014 1676
0.002106 1680
0.002186 1684
0.002279 1688
0.002451 2272
0.002582 2272
0.002665 2272
0.002816 2272
0.002938 2272
0.003055 2272
0.003169 2272
0.003345 2272
0.003423 2272
0.003549 2272
0.003672 2272
0.003819 2272
0.003896 2272
Total time/RAM: 0.010609
0.000412 1092
0.000422 1092
0.000517 1664
0.000565 1668
0.000573 1672
0.000651 1676
0.000739 2140
0.000746 2144
0.000799 2144
0.000859 2144
0.000885 2144
0.000902 2144
0.000958 2144
0.001040 2144
0.001046 2144
0.001118 2144
0.001215 2144
0.001227 2144
0.001373 2144
0.001373 2144
Total time/RAM: 0.008376
0.001390 1096
0.001631 1096
0.001712 1660
0.001885 1664
0.002043 1668
0.002184 1672
0.002272 2140
0.002465 2140
0.002582 2140
0.002719 2140
0.002843 2140
0.003140 2144
0.003357 2148
0.003388 2148
0.003549 2148
0.003677 2148
0.003804 2148
0.003933 2148
0.004037 2148
0.004126 2148
Total time/RAM: 0.010901
0.001381 1096
0.001545 1096
0.001787 1568
0.001886 1572
0.002104 1572
0.002342 1580
0.002464 2052
0.002511 2052
0.002743 2052
0.002833 2052
0.002959 2052
0.003129 2052
0.003271 2052
0.003345 2052
0.003468 2052
0.003506 2052
0.003714 2052
0.003792 2052
0.003934 2052
0.004015 2052
Total time/RAM: 0.010775
0.000692 1096
0.000756 1096
0.000830 1712
0.000882 1716
0.000995 1720
0.001045 1724
0.001100 1724
0.001172 2188
0.001276 2188
0.001300 2188
0.001345 2188
0.001434 2188
0.001443 2188
0.001513 2188
0.001561 2188
0.001621 2188
0.001693 2188
0.001746 2188
0.001789 2188
0.001858 2188
Total time/RAM: 0.008256
0.000716 1096
0.000784 1096
0.000877 1584
0.001038 1588
0.001078 1592
0.001159 1596
0.001251 1600
0.001332 2064
0.001438 2064
0.001522 2064
0.001597 2064
0.001674 2064
0.001753 2064
0.001868 2064
0.001928 2064
0.002027 2064
0.002114 2064
0.002130 2064
0.002170 2064
0.002213 2064
Total time/RAM: 0.009501
0.000725 1096
0.000795 1096
0.000863 1688
0.001030 1692
0.001275 1696
0.001278 1696
0.001323 1704
0.001389 2228
0.001476 2228
0.001495 2228
0.001572 2228
0.001686 2228
0.001766 2228
0.001842 2228
0.001897 2228
0.002020 2228
0.002020 2228
0.002069 2228
0.002216 2228
0.002216 2228
Total time/RAM: 0.008300
0.000786 1096
0.000862 1096
0.000937 1580
0.001024 1584
0.001182 1588
0.001223 1592
0.001366 2060
0.001378 2064
0.001471 2064
0.001546 2064
0.001587 2064
0.001643 2064
0.001712 2064
0.001747 2064
0.001819 2064
0.001852 2064
0.001913 2064
0.001925 2064
0.001959 2064
0.001998 2064
Total time/RAM: 0.009342
0.000860 1096
0.001047 1096
0.001236 1564
0.001335 1568
0.001444 1572
0.001572 1576
0.001661 2048
0.001741 2048
0.001826 2048
0.001919 2048
0.001999 2048
0.002087 2048
0.002176 2048
0.002234 2048
0.002348 2048
0.002441 2048
0.002532 2048
0.002618 2048
0.002693 2048
0.002754 2048
Total time/RAM: 0.009709
0.001277 1100
0.001476 1100
0.001552 1884
0.001776 1888
0.001861 1892
0.002124 1896
0.002243 2232
0.002288 2232
0.002354 2232
0.002467 2232
0.002591 2232
0.002744 2232
0.002858 2232
0.002936 2232
0.003114 2232
0.003191 2232
0.003346 2232
0.003464 2232
0.003558 2232
0.003638 2232
Total time/RAM: 0.009845
